255 255 255 255 255 255 255 255 255 255 255 255 255 255 255 255
255 254 239 239 239 254 239 255 255 239 255 239 239 239 254 255
255 239  31  16   0 240   1 255  16 240  16   0  16  31 239 255
255 239  16   0   0  16 239 255 255  16   0   0   0  16 239 255
255 239   0   0   0  16 239 255 255 239  16   0   0   0 239 255
255 240 224 239  16 240   0  16 239   0  30 255   0 239 255 255
255 255 240 255 239  15 240 255 239 255 225 255 239 255 255 255
255 239 255 255 255   0   0   0   0 239   0   0   0 239 239 255
255 239   0 255 255 239 255 255   0 239 239 255   0  16 239 255
255 239  15  16 239 225   1 239   0 225 239  16   0  16 239 255
255 239  16 255  16  31  15  16   0  31   1   0  16  16 240 255
255 239   0   0   0   0 255   0   0 255   0   0   0  16 255 255
255 239  16   0   0 239 239 255   0 255   0   0   0 239 239 255
255 239  31  16   0 239 239 255   0 239  16   0  16   1 254 255
255 254 239 239 239 240 254 239 255 239 254 239 239 240 255 255
255 255 255 255 255 255 255 255 255 255 255 255 255 255 255 255
255 255 255 255 255 255 255 255 255 255 255 255 255 255 255 255
255 254 239 239 239 254 239 255 255 239 255 239 239 239 254 255
255 239  31  16   0 240   1 255  16 240  16   0  16  31 239 255
255 239  16   0   0  16 239 255 255  16   0   0   0  16 239 255
255 239   0   0   0  16 239 255 255 239  16   0   0   0 239 255
255 240 224 239  16 240   0  16 239   0  30 255   0 239 255 255
255 255 240 255 239  15 240 255 239 255 225 255 239 255 255 255
255 239 255 255 255   0   0   0   0 239   0   0   0 239 239 255
255 239   0 255 255 239 255 255   0 239 239 255   0  16 239 255
255 239  15  16 239 225   1 239   0 225 239  16   0  16 239 255
255 239  16 255  16  31  15  16   0  31   1   0  16  16 240 255
255 239   0   0   0   0 255   0   0 255   0   0   0  16 255 255
255 239  16   0   0 239 239 255   0 255   0   0   0 239 239 255
255 239  31  16   0 239 239 255   0 239  16   0  16   1 254 255
255 254 239 239 239 240 254 239 255 239 254 239 239 240 255 255
255 255 255 255 255 255 255 255 255 255 255 255 255 255 255 255
255 255 255 255 255 255 255 255 255 255 255 255 255 255 255 255
255 254 239 239 239 254 239 255 255 239 255 239 239 239 254 255
255 239  31  16   0 240   1 255  16 240  16   0  16  31 239 255
255 239  16   0   0  16 239 255 255  16   0   0   0  16 239 255
255 239   0   0   0  16 239 255 255 239  16   0   0   0 239 255
255 240 224 239  16 240   0  16 239   0  30 255   0 239 255 255
255 255 240 255 239  15 240 255 239 255 225 255 239 255 255 255
255 239 255 255 255   0   0   0   0 239   0   0   0 239 239 255
255 239   0 255 255 239 255 255   0 239 239 255   0  16 239 255
255 239  15  16 239 225   1 239   0 225 239  16   0  16 239 255
255 239  16 255  16  31  15  16   0  31   1   0  16  16 240 255
255 239   0   0   0   0 255   0   0 255   0   0   0  16 255 255
255 239  16   0   0 239 239 255   0 255   0   0   0 239 239 255
255 239  31  16   0 239 239 255   0 239  16   0  16   1 254 255
255 254 239 239 239 240 254 239 255 239 254 239 239 240 255 255
255 255 255 255 255 255 255 255 255 255 255 255 255 255 255 255

255 255 255 255 255 255 255 255 255 255 255 255 255 255 255 255
255 254 239 239 239 255 255 239 239 239 240 255 239 254 255 255
255 239  31  16   0 239 255 239  16  16  16  16 239   1 240 255
255 239  16   0   0   0 239   0   0   0  16   0   0  16 239 255
255 239   0   0   0 255 255   0 255  16   0   0   0   0 239 255
255 255  16   0  16  30 225   0 239 239   1   0   0  16 254 255
255 239 240  16 239   0 255 239 239 225  31 255 255 239 239 255
255 255  16 255 255 239 239   0   0   0   0   0   0   0 255 255
255 255 255 255 255  16 255   0 255 239  16   0 255 255 239 255
255 239   1 239 239   0 240   0 255   1  15 255 239 239 254 255
255 254 240  16  16 240  15   0 239 225  31   0 239 239 240 255
255 239   0   0   0  16 239 255 255 239  16   0   0   0 239 255
255 239  16   0   0 239 255 255 255  16 255   0   0  16 239 255
255 239  31  16   0 224 240 255   0  15  16   0  16  31 239 255
255 254 239 239 239 240 255 239 239 239 239 239 239 239 254 255
255 255 255 255 255 255 255 255 255 255 255 255 255 255 255 255
255 255 255 255 255 255 255 255 255 255 255 255 255 255 255 255
255 254 239 239 239 255 255 239 239 239 240 255 239 254 255 255
255 239  31  16   0 239 255 239  16  16  16  16 239   1 240 255
255 239  16   0   0   0 239   0   0   0  16   0   0  16 239 255
255 239   0   0   0 255 255   0 255  16   0   0   0   0 239 255
255 255  16   0  16  30 225   0 239 239   1   0   0  16 254 255
255 239 240  16 239   0 255 239 239 225  31 255 255 239 239 255
255 255  16 255 255 239 239   0   0   0   0   0   0   0 255 255
255 255 255 255 255  16 255   0 255 239  16   0 255 255 239 255
255 239   1 239 239   0 240   0 255   1  15 255 239 239 254 255
255 254 240  16  16 240  15   0 239 225  31   0 239 239 240 255
255 239   0   0   0  16 239 255 255 239  16   0   0   0 239 255
255 239  16   0   0 239 255 255 255  16 255   0   0  16 239 255
255 239  31  16   0 224 240 255   0  15  16   0  16  31 239 255
255 254 239 239 239 240 255 239 239 239 239 239 239 239 254 255
255 255 255 255 255 255 255 255 255 255 255 255 255 255 255 255
255 255 255 255 255 255 255 255 255 255 255 255 255 255 255 255
255 254 239 239 239 255 255 239 239 239 240 255 239 254 255 255
255 239  31  16   0 239 255 239  16  16  16  16 239   1 240 255
255 239  16   0   0   0 239   0   0   0  16   0   0  16 239 255
255 239   0   0   0 255 255   0 255  16   0   0   0   0 239 255
255 255  16   0  16  30 225   0 239 239   1   0   0  16 254 255
255 239 240  16 239   0 255 239 239 225  31 255 255 239 239 255
255 255  16 255 255 239 239   0   0   0   0   0   0   0 255 255
255 255 255 255 255  16 255   0 255 239  16   0 255 255 239 255
255 239   1 239 239   0 240   0 255   1  15 255 239 239 254 255
255 254 240  16  16 240  15   0 239 225  31   0 239 239 240 255
255 239   0   0   0  16 239 255 255 239  16   0   0   0 239 255
255 239  16   0   0 239 255 255 255  16 255   0   0  16 239 255
255 239  31  16   0 224 240 255   0  15  16   0  16  31 239 255
255 254 239 239 239 240 255 239 239 239 239 239 239 239 254 255
255 255 255 255 255 255 255 255 255 255 255 255 255 255 255 255

255 255 255 255 255 255 255 255 255 255 255 255 255 255 255 255
255 242 190 161 163 210 147 221 154 195 160 161 153 154 188 255
255 177  34  88  63  91 162  37 230 124 152 108 126 153 154 255
255 146  96  70  93  19 242  77 208 105 157 108  94 126 153 255
255 244 130  64 151  43 210  69 146 160  33 121 108 104 163 255
255 174 136 124  58  63 156  33 101  62 141 129 215 116 153 255
255 142 114  63 154 155 120  12 154  63 131 134  79  49 129 255
255 186 127  79 202 142 113  20 139 218 143 174 178  69 153 255
255 143 173  86  84  49 143  19  98  69   3 102 114 174 174 255
255 248 228 165 201 140 247 134 204 184  61 173 208 174 255 255
255 244 155  70 211 113  36 176 129  26 165  85 152 105 169 255
255 167 110 102 130 118 159 176 179 125 123 122 108 108 161 255
255 153 126  94 104 123 114 205 155 107 106 102  94 126 153 255
255 154 153 126 102 133 184 169 180  44 177 110 126 153 154 255
255 188 154 153 166 230 160 239 233 140 212 167 153 154 188 255
255 255 255 255 255 255 255 255 255 255 255 255 255 255 255 255
255 255 255 255 255 255 255 255 255 255 255 255 255 255 255 255
255 242 190 161 163 210 147 221 154 195 160 161 153 154 188 255
255 177  34  88  63  91 162  37 230 124 152 108 126 153 154 255
255 146  96  70  93  19 242  77 208 105 157 108  94 126 153 255
255 244 130  64 151  43 210  69 146 160  33 121 108 104 163 255
255 174 136 124  58  63 156  33 101  62 141 129 215 116 153 255
255 142 114  63 154 155 120  12 154  63 131 134  79  49 129 255
255 186 127  79 202 142 113  20 139 218 143 174 178  69 153 255
255 143 173  86  84  49 143  19  98  69   3 102 114 174 174 255
255 248 228 165 201 140 247 134 204 184  61 173 208 174 255 255
255 244 155  70 211 113  36 176 129  26 165  85 152 105 169 255
255 167 110 102 130 118 159 176 179 125 123 122 108 108 161 255
255 153 126  94 104 123 114 205 155 107 106 102  94 126 153 255
255 154 153 126 102 133 184 169 180  44 177 110 126 153 154 255
255 188 154 153 166 230 160 239 233 140 212 167 153 154 188 255
255 255 255 255 255 255 255 255 255 255 255 255 255 255 255 255
255 255 255 255 255 255 255 255 255 255 255 255 255 255 255 255
255 242 190 161 163 210 147 221 154 195 160 161 153 154 188 255
255 177  34  88  63  91 162  37 230 124 152 108 126 153 154 255
255 146  96  70  93  19 242  77 208 105 157 108  94 126 153 255
255 244 130  64 151  43 210  69 146 160  33 121 108 104 163 255
255 174 136 124  58  63 156  33 101  62 141 129 215 116 153 255
255 142 114  63 154 155 120  12 154  63 131 134  79  49 129 255
255 186 127  79 202 142 113  20 139 218 143 174 178  69 153 255
255 143 173  86  84  49 143  19  98  69   3 102 114 174 174 255
255 248 228 165 201 140 247 134 204 184  61 173 208 174 255 255
255 244 155  70 211 113  36 176 129  26 165  85 152 105 169 255
255 167 110 102 130 118 159 176 179 125 123 122 108 108 161 255
255 153 126  94 104 123 114 205 155 107 106 102  94 126 153 255
255 154 153 126 102 133 184 169 180  44 177 110 126 153 154 255
255 188 154 153 166 230 160 239 233 140 212 167 153 154 188 255
255 255 255 255 255 255 255 255 255 255 255 255 255 255 255 255

255 255 255 255 255 255 255 255 255 255 255 255 255 255 255 255
255 188 154 153 163 153 129 153 174 255 169 161 153 154 188 255
255 154 153 126 104 116  49  69 174 174 105 108 126 153 154 255
255 153 126  94 108 215  79 178 114 208 152 108  94 126 153 255
255 161 108 108 121 129 134 174 102 173  85 122 102 110 167 255
255 160 152 157  33 141 131 143   3  61 165 123 106 177 212 255
255 195 124 105 160  62  63 218  69 184  26 125 107  44 140 255
255 154 230 208 146 101 154 139  98 204 129 179 155 180 233 255
255 221  37  77  69  33  12  20  19 134 176 176 205 169 239 255
255 147 162 242 210 156 120 113 143 247  36 159 114 184 160 255
255 210  91  19  43  63 155 142  49 140 113 118 123 133 230 255
255 163  63  93 151  58 154 202  84 201 211 130 104 102 166 255
255 161  88  70  64 124  63  79  86 165  70 102  94 126 153 255
255 190  34  96 130 136 114 127 173 228 155 110 126 153 154 255
255 242 177 146 244 174 142 186 143 248 244 167 153 154 188 255
255 255 255 255 255 255 255 255 255 255 255 255 255 255 255 255
255 255 255 255 255 255 255 255 255 255 255 255 255 255 255 255
255 188 154 153 163 153 129 153 174 255 169 161 153 154 188 255
255 154 153 126 104 116  49  69 174 174 105 108 126 153 154 255
255 153 126  94 108 215  79 178 114 208 152 108  94 126 153 255
255 161 108 108 121 129 134 174 102 173  85 122 102 110 167 255
255 160 152 157  33 141 131 143   3  61 165 123 106 177 212 255
255 195 124 105 160  62  63 218  69 184  26 125 107  44 140 255
255 154 230 208 146 101 154 139  98 204 129 179 155 180 233 255
255 221  37  77  69  33  12  20  19 134 176 176 205 169 239 255
255 147 162 242 210 156 120 113 143 247  36 159 114 184 160 255
255 210  91  19  43  63 155 142  49 140 113 118 123 133 230 255
255 163  63  93 151  58 154 202  84 201 211 130 104 102 166 255
255 161  88  70  64 124  63  79  86 165  70 102  94 126 153 255
255 190  34  96 130 136 114 127 173 228 155 110 126 153 154 255
255 242 177 146 244 174 142 186 143 248 244 167 153 154 188 255
255 255 255 255 255 255 255 255 255 255 255 255 255 255 255 255
255 255 255 255 255 255 255 255 255 255 255 255 255 255 255 255
255 188 154 153 163 153 129 153 174 255 169 161 153 154 188 255
255 154 153 126 104 116  49  69 174 174 105 108 126 153 154 255
255 153 126  94 108 215  79 178 114 208 152 108  94 126 153 255
255 161 108 108 121 129 134 174 102 173  85 122 102 110 167 255
255 160 152 157  33 141 131 143   3  61 165 123 106 177 212 255
255 195 124 105 160  62  63 218  69 184  26 125 107  44 140 255
255 154 230 208 146 101 154 139  98 204 129 179 155 180 233 255
255 221  37  77  69  33  12  20  19 134 176 176 205 169 239 255
255 147 162 242 210 156 120 113 143 247  36 159 114 184 160 255
255 210  91  19  43  63 155 142  49 140 113 118 123 133 230 255
255 163  63  93 151  58 154 202  84 201 211 130 104 102 166 255
255 161  88  70  64 124  63  79  86 165  70 102  94 126 153 255
255 190  34  96 130 136 114 127 173 228 155 110 126 153 154 255
255 242 177 146 244 174 142 186 143 248 244 167 153 154 188 255
255 255 255 255 255 255 255 255 255 255 255 255 255 255 255 255
